
MODERN COMPILER IMPLEMENTATION IN C
				by Andrew W. Appel

cfg for figure 19.5:
0 1 0 0 1 0 0 0 1 0 0 0 0
0 0 1 0 0 0 0 0 0 0 0 0 0
0 0 1 1 0 0 0 0 0 0 0 0 0
0 0 0 0 0 0 0 0 0 0 0 0 1
0 0 0 0 0 1 1 0 0 0 0 0 0
0 0 0 1 0 0 0 1 0 0 0 0 0 
0 0 0 0 0 0 0 1 0 0 0 1 0
0 0 0 0 1 0 0 0 0 0 0 0 1
0 0 0 0 0 0 0 0 0 1 1 0 0 
0 0 0 0 0 0 0 0 0 0 0 1 0 
0 0 0 0 0 0 0 0 0 0 0 1 0
0 0 0 0 0 0 0 0 0 0 0 0 1
0 0 0 0 0 0 0 0 0 0 0 0 0


Figure 19.4:

cfg:
0 1 0 0 0 0 0
0 0 1 1 0 0 0
0 0 0 0 1 1 0
0 0 0 0 0 0 0
0 0 0 0 0 0 1
0 0 0 0 0 0 1
0 1 0 0 0 0 0

basicBlock:
15 1 -999 -61 -67 -10 2 -999 -61 -67 -10 3 -999 -61 -67 -10 -1 -1 -1 -1
7 -105 -102 3 -999 -60 -67 -10 -1 -1 -1 -1 -1 -1 -1 -1 -1 -1 -1 -1
8 -89 -105 -102 2 -999 -60 -67 -10 -1 -1 -1 -1 -1 -1 -1 -1 -1 -1 -1
3 2 -999 -10 -1 -1 -1 -1 -1 -1 -1 -1 -1 -1 -1 -1 -1 -1 -1 -1
15 -89 2 -999 -61 1 -999 -10 3 -999 -61 3 -999 -43 -67 -10 -1 -1 -1 -1
14 2 -999 -61 3 -999 -10 3 -999 -61 3 -999 -43 -67 -10 -1 -1 -1 -1 -1
-1 -1 -1 -1 -1 -1 -1 -1 -1 -1 -1 -1 -1 -1 -1 -1 -1 -1 -1 -1
-1 -1 -1 -1 -1 -1 -1 -1 -1 -1 -1 -1 -1 -1 -1 -1 -1 -1 -1 -1
-1 -1 -1 -1 -1 -1 -1 -1 -1 -1 -1 -1 -1 -1 -1 -1 -1 -1 -1 -1
-1 -1 -1 -1 -1 -1 -1 -1 -1 -1 -1 -1 -1 -1 -1 -1 -1 -1 -1 -1

aOrig:
1 2 3 -1 -1
-1 -1 -1 -1 -1
-1 -1 -1 -1 -1
-1 -1 -1 -1 -1
2 3 -1 -1 -1
2 3 -1 -1 -1
-1 -1 -1 -1 -1
-1 -1 -1 -1 -1
-1 -1 -1 -1 -1
-1 -1 -1 -1 -1
