994091	721606
962092	952311
883882	834480
371503	274780
843830	827554
36480	458236
743088	654542
899276	714501
550407	368105
410083	305272
587749	255541
30288	570512
800599	742015
699129	930166
491225	714632
818786	485315
436240	780877
437629	834325
129565	323335
109108	973393
150891	145586
431632	408183
314335	330907
636890	378945
699014	46972
684218	800966
302515	714505
885685	617317
970726	584813
61690	461950
813651	880474
461472	764094
175559	413304
598422	305122
736640	221733
278517	401735
367320	224352
324124	195858
69466	961012
574804	282683
522191	773226
83651	338909
487733	483539
956227	972662
582559	532120
948818	910413
412597	410289
674510	588154
823594	787135
407482	74439
8870	200202
476175	890392
424556	800297
86253	8225
761311	175260
290909	797705
948487	888762
136616	950423
372304	92842
923087	954861
139169	871905
379481	551764
796400	53990
654124	619994
355331	61605
208639	878403
776012	684812
768798	714771
485111	369254
722997	760625
544515	13905
558333	493002
902669	694947
443427	789176
301996	366514
258244	441163
752625	637723
507133	549024
205920	161256
683224	561249
737066	891861
953859	513077
576675	722656
227851	575989
606116	465051
850821	150630
993162	409153
157838	410035
618306	601264
199213	434505
481984	971659
389874	748812
609384	897005
297838	329507
572467	495266
404963	823736
387129	358821
336816	478008
595683	78870
53999	201798
58127	904818
352429	51288
828177	24471
461324	960687
139941	174740
909398	621923
146401	299272
884941	269989
710483	696982
599497	282950
192250	518663
106688	579378
877485	957706
57388	473167
550782	625589
674966	123113
44615	541599
174402	386995
566071	149930
347684	706010
324671	771286
842139	985275
70560	727079
769470	781041
938267	883170
578197	130517
401836	199089
709896	279320
671001	281487
266694	735987
907077	455863
859101	465895
997463	547706
852892	77738
697637	714779
783749	536512
486067	140092
35994	70830
381377	805462
851873	319644
688634	944273
450162	604673
657568	674261
883995	328569
469954	664892
578762	891234
120757	952066
357132	632424
499774	724227
710163	711615
439008	8117
762333	925074
148210	312530
995905	529586
117994	361982
363436	320831
820462	327801
925506	478029
2064	323705
320804	472016
988598	413769
877456	623558
365837	234587
255984	865610
958815	966146
91432	397823
488469	853763
837103	636677
680499	347212
680469	798491
223401	43904
633528	43862
371706	73238
36097	887972
396944	871104
874194	899745
284875	751650
37511	650711
500443	293493
30528	459258
773845	636162
371287	262313
489927	722593
413197	170425
69807	93665
483122	807410
651775	630853
365478	537684
704093	401574
939863	615240
786884	814056
514988	71758
79913	552497
236675	580355
360196	781405
553819	134041
417569	925104
910559	421699
647699	323755
592125	231709
931626	589450
553326	97605
220306	918802
635290	438602
320378	89357
53844	621465
903415	568830
693225	497531
635533	444103
77888	509933
225511	631705
158180	643078
71016	68738
64780	232918
906699	171108
464629	352529
760560	17954
450135	495069
450962	599628
933672	771339
688987	501719
392806	106606
584756	600234
604138	220288
44340	682025
244427	784053
827936	402605
427133	898951
471345	491911
131871	892247
177226	110703
244778	451989
642862	694911
947059	93824
808745	394935
379369	497731
410860	286378
604338	995614
886614	208476
215905	445157
404707	460330
743416	232642
377142	170548
645799	362690
176666	777669
254939	353890
888373	13920
805880	45440
223037	267143
139265	31781
176284	518632
529514	587142
805011	648055
582759	205829
370737	312867
165192	775442
287403	908606
522291	664543
593361	168089
27235	770025
945759	796376
638121	348337
810297	958204
393778	33333
225349	533041
579320	915835
565879	623037
502979	885093
271094	599941
90925	641830
427014	770319
931478	714416
678928	453768
893165	272288
136064	434604
556519	596026
745186	708843
944364	555483
667049	852345
103022	892396
899592	196545
322438	465470
819583	339620
350566	90677
939563	955693
246713	366576
726014	692394
595198	919145
660369	2568
705639	796431
437173	776361
392459	182358
485206	851027
252047	152254
703374	869272
558856	117171
65819	881292
96847	885401
220915	961615
490284	674681
917310	251200
41259	157529
457800	150661
76676	118168
153230	782314
428805	104606
558677	821263
801169	558087
186497	567420
710342	404074
950898	269198
521246	16716
664696	618092
416323	885609
579709	420810
560292	11224
672011	115755
168754	129811
780621	245428
762184	448054
541948	190989
552661	614829
526458	868033
172918	712953
949659	883258
117029	900556
666662	638274
917274	331358
770572	847800
731173	864484
268613	291465
875709	940622
921425	44462
584639	702045
804096	861027
150101	860247
52018	216965
989282	578474
599204	162199
805633	548863
559664	922660
449421	740529
75141	880898
71889	359916
728701	317266
224403	511517
608732	100111
452141	44361
658779	550984
746407	462874
412013	410711
837327	978233
141882	826609
70914	741084
988809	876545
804153	62677
799207	767778
803208	388552
648678	389300
748469	891582
706567	972870
403101	829502
587188	369446
873864	245966
434636	134475
223046	846647
59392	60372
339087	201272
886982	409999
942358	389996
286546	746510
452674	599956
514290	770085
502714	677172
673592	251183
82961	894362
738259	266
723867	325446
369713	111935
571413	804347
760616	794457
165201	334211
369036	18491
535485	256017
428491	992046
646014	229240
252763	612892
829197	281257
897183	331911
472635	84979
97300	555594
979343	835557
555861	217414
161006	925572
843554	246622
244126	118374
555286	923529
452587	924320
942021	988070
694543	884715
494323	854761
113957	747084
467655	457358
542547	879041
303475	15181
964022	400773
570777	457569
750536	126637
674984	425745
566416	32742
672369	324745
151118	741858
762481	603703
666180	704501
105980	360722
589219	114506
215485	217379
861591	197343
674738	404138
590591	492416
933524	68817
407395	504300
526387	157931
145144	715574
97882	225763
262522	770249
550509	413638
26314	827193
531547	692492
531697	151730
567421	635119
266237	297109
366704	642032
8659	555646
560376	599248
48064	493899
668066	455458
998201	708656
127595	657548
938436	225475
883312	200957
509931	948024
128802	536243
775220	660347
742942	821120
326284	824566
456241	592519
121677	822943
234553	130334
378591	309132
243788	940858
803033	426057
910522	315438
134715	38116
972987	587354
777796	856298
302518	287726
318529	431318
338176	93748
605871	595321
429074	932153
419889	885313
38880	55769
222464	787635
186105	115258
96770	944095
570322	899801
370155	480843
215241	19073
518960	188227
606429	296756
558731	423150
98688	877258
854469	436862
485213	974543
32185	914285
906699	966276
313806	459782
22048	50473
247419	722355
679936	344187
666452	250258
243990	550810
731102	459229
569885	764266
161662	690517
575228	720391
113669	673914
111857	482341
624983	597068
456886	657166
511355	877788
623445	339364
337572	159696
389838	99195
882052	69774
443383	62708
320033	687372
613520	565338
660807	183404
