515
6681
410
1473
563
7188
503
5009
641
7683
169
8568
83
935
251
4614
805
920
286
2835
500
2724
983
9774
861
9979
158
9080
771
6087
574
1319
666
7330
796
4128
119
3364
271
105
430
1986
756
1958
694
991
359
2285
151
5752
449
2429
860
2315
119
4752
535
4404
963
4167
950
7283
944
4844
227
9860
197
2298
392
9692
162
7438
965
4241
688
7766
278
9135
862
8726
44
8336
433
8112
96
8106
330
2948
533
8281
290
6168
535
5767
100
3344
327
1569
812
2019
822
9627
894
6106
893
3603
798
686
981
5507
952
792
676
5316
634
6079
642
1772
756
7517
961
7726
660
8784
634
6281
963
2287
114
7772
